Date	Population	Emp	Unemp	EmpPop	UnempPop	NILFPop
200001	23937.8	14257	1128.9	0.5956	0.0472	0.3573
200002	23963.5	14363.7	1132.7	0.5994	0.0473	0.3533
200003	23988.6	14418	1130.4	0.6010	0.0471	0.3518
200004	24014.6	14493.1	1111	0.6035	0.0463	0.3502
200005	24048.5	14874.9	1074.7	0.6185	0.0447	0.3368
200006	24076.3	15056.3	1018.9	0.6254	0.0423	0.3323
200007	24102.5	15112.9	1143.9	0.6270	0.0475	0.3255
200008	24134.6	15097	1178.5	0.6255	0.0488	0.3256
200009	24162.1	14883.9	1004.6	0.6160	0.0416	0.3424
200010	24189.6	14896.3	1014.1	0.6158	0.0419	0.3423
200011	24216.4	14846.2	1036.7	0.6131	0.0428	0.3441
200012	24241.9	14822.2	1007	0.6114	0.0415	0.3470
200101	24255.3	14526	1181.7	0.5989	0.0487	0.3524
200102	24280.4	14572.4	1175.5	0.6002	0.0484	0.3514
200103	24308.1	14619.1	1200.7	0.6014	0.0494	0.3492
200104	24344.9	14724.3	1180.7	0.6048	0.0485	0.3467
200105	24375.1	15080.9	1147.2	0.6187	0.0471	0.3342
200106	24406.3	15230.6	1101.9	0.6240	0.0451	0.3308
200107	24442.1	15297.8	1196.7	0.6259	0.0490	0.3252
200108	24470.7	15273.1	1235.8	0.6241	0.0505	0.3254
200109	24498.4	15029.5	1063.4	0.6135	0.0434	0.3431
200110	24525.1	15023	1081.9	0.6126	0.0441	0.3433
200111	24550.9	14951.4	1150.4	0.6090	0.0469	0.3441
200112	24575	14859.5	1225.4	0.6047	0.0499	0.3455
200201	24608.4	14659.9	1402.7	0.5957	0.0570	0.3473
200202	24634	14732.8	1359.9	0.5981	0.0552	0.3467
200203	24662.4	14846.7	1354.4	0.6020	0.0549	0.3431
200204	24699.4	14968.3	1305	0.6060	0.0528	0.3411
200205	24729.8	15352	1311.6	0.6208	0.0530	0.3262
200206	24761	15597.9	1190.8	0.6299	0.0481	0.3220
200207	24795.8	15688.9	1320.9	0.6327	0.0533	0.3140
200208	24818.6	15740.1	1312.5	0.6342	0.0529	0.3129
200209	24845.8	15498.9	1153.4	0.6238	0.0464	0.3298
200210	24868.1	15496.3	1150.2	0.6231	0.0463	0.3306
200211	24889.7	15464.6	1188.1	0.6213	0.0477	0.3309
200212	24909.8	15449.5	1182.6	0.6202	0.0475	0.3323
200301	24932.7	15179.3	1335.7	0.6088	0.0536	0.3376
200302	24953.8	15291.4	1316.1	0.6128	0.0527	0.3345
200303	24978.6	15339.6	1300.8	0.6141	0.0521	0.3338
200304	25009.7	15386.7	1319.3	0.6152	0.0528	0.3320
200305	25035.1	15700.7	1361.9	0.6271	0.0544	0.3185
200306	25068.7	15984.7	1225.6	0.6376	0.0489	0.3135
200307	25095.9	16002.9	1361	0.6377	0.0542	0.3081
200308	25121.7	15971.9	1408.3	0.6358	0.0561	0.3082
200309	25154	15750.1	1232.7	0.6261	0.0490	0.3248
200310	25179.6	15801.8	1173.3	0.6276	0.0466	0.3258
200311	25203.7	15772.6	1198.7	0.6258	0.0476	0.3266
200312	25225.6	15748.4	1166.5	0.6243	0.0462	0.3295
200401	25250	15452.4	1327.7	0.6120	0.0526	0.3354
200402	25276.5	15513.4	1305.6	0.6137	0.0517	0.3346
200403	25302.8	15538	1319.8	0.6141	0.0522	0.3338
200404	25330.1	15663	1268.1	0.6184	0.0501	0.3316
200405	25358.7	16016.3	1266.9	0.6316	0.0500	0.3185
200406	25395.6	16273.7	1172.7	0.6408	0.0462	0.3130
200407	25425.1	16287.8	1277.3	0.6406	0.0502	0.3091
200408	25459.9	16224.4	1310.3	0.6373	0.0515	0.3113
200409	25487.3	16023.1	1108.4	0.6287	0.0435	0.3278
200410	25513.4	16049.3	1110.4	0.6291	0.0435	0.3274
200411	25537.2	15993.7	1173.1	0.6263	0.0459	0.3278
200412	25560.2	15945.2	1144.5	0.6238	0.0448	0.3314
200501	25585.5	15658.4	1264	0.6120	0.0494	0.3386
200502	25613.5	15742.1	1261.5	0.6146	0.0493	0.3361
200503	25640.9	15754.4	1250	0.6144	0.0488	0.3368
200504	25668.9	15850.3	1198.7	0.6175	0.0467	0.3358
200505	25706.5	16242.5	1214.1	0.6318	0.0472	0.3209
200506	25738.6	16446.2	1108	0.6390	0.0430	0.3180
200507	25771.7	16482.8	1225.8	0.6396	0.0476	0.3129
200508	25810.4	16460.9	1267.2	0.6378	0.0491	0.3131
200509	25839.5	16200.5	1082	0.6270	0.0419	0.3312
200510	25867.3	16266.6	1060	0.6288	0.0410	0.3302
200511	25894.4	16222.3	1036.5	0.6265	0.0400	0.3335
200512	25918.9	16155.2	1055.8	0.6233	0.0407	0.3360
200601	25953.3	15921.3	1252.9	0.6135	0.0483	0.3383
200602	25978.8	15992.8	1193	0.6156	0.0459	0.3385
200603	26007	16056.8	1194.9	0.6174	0.0459	0.3367
200604	26036.5	16152.9	1166.6	0.6204	0.0448	0.3348
200605	26074.9	16619.2	1107.3	0.6374	0.0425	0.3202
200606	26106.8	16775.4	1038	0.6426	0.0398	0.3177
200607	26139.1	16778.5	1228	0.6419	0.0470	0.3111
200608	26177.3	16711	1256.4	0.6384	0.0480	0.3136
200609	26206.5	16482.5	1068.9	0.6289	0.0408	0.3303
200610	26234.1	16537.7	1018.2	0.6304	0.0388	0.3308
200611	26260.8	16469.1	1089.6	0.6271	0.0415	0.3314
200612	26285.9	16467.8	1041.5	0.6265	0.0396	0.3339
200701	26314.7	16264.2	1200.1	0.6181	0.0456	0.3363
200702	26335.5	16338.9	1153.5	0.6204	0.0438	0.3358
200703	26359.9	16379.6	1184.5	0.6214	0.0449	0.3337
200704	26391.4	16467.1	1141.1	0.6240	0.0432	0.3328
200705	26419.3	16853.9	1113.8	0.6379	0.0422	0.3199
200706	26449.3	17071.8	1024.2	0.6455	0.0387	0.3158
200707	26486.5	17138	1130.5	0.6470	0.0427	0.3103
200708	26517.5	17097.3	1174.7	0.6448	0.0443	0.3109
200709	26547	16841.4	1014.5	0.6344	0.0382	0.3274
200710	26576	16926.1	988.3	0.6369	0.0372	0.3259
200711	26603.7	16883	1039.1	0.6346	0.0391	0.3263
200712	26629.2	16820.6	1026.9	0.6317	0.0386	0.3298
200801	26659	16586.6	1168.6	0.6222	0.0438	0.3340
200802	26683.2	16678.7	1131.4	0.6251	0.0424	0.3325
200803	26710.7	16692.3	1183.7	0.6249	0.0443	0.3308
200804	26744.9	16772.3	1150.9	0.6271	0.0430	0.3298
200805	26775.5	17145.2	1149.8	0.6403	0.0429	0.3167
200806	26816.1	17371.6	1050.1	0.6478	0.0392	0.3130
200807	26849.8	17306.2	1176.7	0.6446	0.0438	0.3116
200808	26881.7	17290.6	1227.1	0.6432	0.0456	0.3111
200809	26918.4	17092.8	1053.8	0.6350	0.0391	0.3259
200810	26948.5	17151	1048.1	0.6364	0.0389	0.3247
200811	26976.8	16984.8	1148.4	0.6296	0.0426	0.3278
200812	27003.2	16889.9	1187.7	0.6255	0.0440	0.3305
200901	27030.7	16470.4	1451.1	0.6093	0.0537	0.3370
200902	27061	16489.5	1530	0.6093	0.0565	0.3341
200903	27090.1	16449.1	1630.6	0.6072	0.0602	0.3326
200904	27120.6	16536.4	1598.5	0.6097	0.0589	0.3313
200905	27152.3	16890.3	1629.4	0.6221	0.0600	0.3179
200906	27193.6	17078	1521.2	0.6280	0.0559	0.3160
200907	27226.9	16995.3	1682.4	0.6242	0.0618	0.3140
200908	27259.5	16974.8	1727.7	0.6227	0.0634	0.3139
200909	27297.2	16810.4	1430.1	0.6158	0.0524	0.3318
200910	27326.6	16824.7	1419.7	0.6157	0.0520	0.3324
200911	27353.1	16827	1488.5	0.6152	0.0544	0.3304
200912	27377.1	16719.4	1472.4	0.6107	0.0538	0.3355

